1 -450 -60 1250.16
2 -450 -30 1250.16
3 -450 0 1250.16
4 -450 30 1250.16
5 -450 60 1250.16
6 -420 -180 1250.16
7 -420 -150 1250.16
8 -420 -120 1250.16
9 -420 -90 1250.16
10 -420 -60 1250.16
11 -420 -30 1250.16
12 -420 0 1250.16
13 -420 30 1250.16
14 -420 60 1250.16
15 -420 90 1250.16
16 -420 120 1250.16
17 -420 150 1250.16
18 -420 180 1250.16
19 -390 -240 1250.16
20 -390 -210 1250.16
21 -390 -180 1250.16
22 -390 -150 1250.16
23 -390 -120 1250.16
24 -390 -90 1250.16
25 -390 -60 1250.16
26 -390 -30 1250.16
27 -390 0 1250.16
28 -390 30 1250.16
29 -390 60 1250.16
30 -390 90 1250.16
31 -390 120 1250.16
32 -390 150 1250.16
33 -390 180 1250.16
34 -390 210 1250.16
35 -390 240 1250.16
36 -360 -270 1250.16
37 -360 -240 1250.16
38 -360 -210 1250.16
39 -360 -180 1250.16
40 -360 -150 1250.16
41 -360 -120 1250.16
42 -360 -90 1250.16
43 -360 -60 1250.16
44 -360 -30 1250.16
45 -360 0 1250.16
46 -360 30 1250.16
47 -360 60 1250.16
48 -360 90 1250.16
49 -360 120 1250.16
50 -360 150 1250.16
51 -360 180 1250.16
52 -360 210 1250.16
53 -360 240 1250.16
54 -360 270 1250.16
55 -330 -300 1250.16
56 -330 -270 1250.16
57 -330 -240 1250.16
58 -330 -210 1250.16
59 -330 -180 1250.16
60 -330 -150 1250.16
61 -330 -120 1250.16
62 -330 -90 1250.16
63 -330 -60 1250.16
64 -330 -30 1250.16
65 -330 0 1250.16
66 -330 30 1250.16
67 -330 60 1250.16
68 -330 90 1250.16
69 -330 120 1250.16
70 -330 150 1250.16
71 -330 180 1250.16
72 -330 210 1250.16
73 -330 240 1250.16
74 -330 270 1250.16
75 -330 300 1250.16
76 -300 -330 1250.16
77 -300 -300 1250.16
78 -300 -270 1250.16
79 -300 -240 1250.16
80 -300 -210 1250.16
81 -300 -180 1250.16
82 -300 -150 1250.16
83 -300 -120 1250.16
84 -300 -90 1250.16
85 -300 -60 1250.16
86 -300 -30 1250.16
87 -300 0 1250.16
88 -300 30 1250.16
89 -300 60 1250.16
90 -300 90 1250.16
91 -300 120 1250.16
92 -300 150 1250.16
93 -300 180 1250.16
94 -300 210 1250.16
95 -300 240 1250.16
96 -300 270 1250.16
97 -300 300 1250.16
98 -300 330 1250.16
99 -270 -360 1250.16
100 -270 -330 1250.16
101 -270 -300 1250.16
102 -270 -270 1250.16
103 -270 -240 1250.16
104 -270 -210 1250.16
105 -270 -180 1250.16
106 -270 -150 1250.16
107 -270 -120 1250.16
108 -270 -90 1250.16
109 -270 -60 1250.16
110 -270 -30 1250.16
111 -270 0 1250.16
112 -270 30 1250.16
113 -270 60 1250.16
114 -270 90 1250.16
115 -270 120 1250.16
116 -270 150 1250.16
117 -270 180 1250.16
118 -270 210 1250.16
119 -270 240 1250.16
120 -270 270 1250.16
121 -270 300 1250.16
122 -270 330 1250.16
123 -270 360 1250.16
124 -240 -390 1250.16
125 -240 -360 1250.16
126 -240 -330 1250.16
127 -240 -300 1250.16
128 -240 -270 1250.16
129 -240 -240 1250.16
130 -240 -210 1250.16
131 -240 -180 1250.16
132 -240 -150 1250.16
133 -240 -120 1250.16
134 -240 -90 1250.16
135 -240 -60 1250.16
136 -240 -30 1250.16
137 -240 0 1250.16
138 -240 30 1250.16
139 -240 60 1250.16
140 -240 90 1250.16
141 -240 120 1250.16
142 -240 150 1250.16
143 -240 180 1250.16
144 -240 210 1250.16
145 -240 240 1250.16
146 -240 270 1250.16
147 -240 300 1250.16
148 -240 330 1250.16
149 -240 360 1250.16
150 -240 390 1250.16
151 -210 -390 1250.16
152 -210 -360 1250.16
153 -210 -330 1250.16
154 -210 -300 1250.16
155 -210 -270 1250.16
156 -210 -240 1250.16
157 -210 -210 1250.16
158 -210 -180 1250.16
159 -210 -150 1250.16
160 -210 -120 1250.16
161 -210 -90 1250.16
162 -210 -60 1250.16
163 -210 -30 1250.16
164 -210 0 1250.16
165 -210 30 1250.16
166 -210 60 1250.16
167 -210 90 1250.16
168 -210 120 1250.16
169 -210 150 1250.16
170 -210 180 1250.16
171 -210 210 1250.16
172 -210 240 1250.16
173 -210 270 1250.16
174 -210 300 1250.16
175 -210 330 1250.16
176 -210 360 1250.16
177 -210 390 1250.16
178 -180 -420 1250.16
179 -180 -390 1250.16
180 -180 -360 1250.16
181 -180 -330 1250.16
182 -180 -300 1250.16
183 -180 -270 1250.16
184 -180 -240 1250.16
185 -180 -210 1250.16
186 -180 -180 1250.16
187 -180 -150 1250.16
188 -180 -120 1250.16
189 -180 -90 1250.16
190 -180 -60 1250.16
191 -180 -30 1250.16
192 -180 0 1250.16
193 -180 30 1250.16
194 -180 60 1250.16
195 -180 90 1250.16
196 -180 120 1250.16
197 -180 150 1250.16
198 -180 180 1250.16
199 -180 210 1250.16
200 -180 240 1250.16
201 -180 270 1250.16
202 -180 300 1250.16
203 -180 330 1250.16
204 -180 360 1250.16
205 -180 390 1250.16
206 -180 420 1250.16
207 -150 -420 1250.16
208 -150 -390 1250.16
209 -150 -360 1250.16
210 -150 -330 1250.16
211 -150 -300 1250.16
212 -150 -270 1250.16
213 -150 -240 1250.16
214 -150 -210 1250.16
215 -150 -180 1250.16
216 -150 -150 1250.16
217 -150 -120 1250.16
218 -150 -90 1250.16
219 -150 -60 1250.16
220 -150 -30 1250.16
221 -150 0 1250.16
222 -150 30 1250.16
223 -150 60 1250.16
224 -150 90 1250.16
225 -150 120 1250.16
226 -150 150 1250.16
227 -150 180 1250.16
228 -150 210 1250.16
229 -150 240 1250.16
230 -150 270 1250.16
231 -150 300 1250.16
232 -150 330 1250.16
233 -150 360 1250.16
234 -150 390 1250.16
235 -150 420 1250.16
236 -120 -420 1250.16
237 -120 -390 1250.16
238 -120 -360 1250.16
239 -120 -330 1250.16
240 -120 -300 1250.16
241 -120 -270 1250.16
242 -120 -240 1250.16
243 -120 -210 1250.16
244 -120 -180 1250.16
245 -120 -150 1250.16
246 -120 -120 1250.16
247 -120 -90 1250.16
248 -120 -60 1250.16
249 -120 60 1250.16
250 -120 90 1250.16
251 -120 120 1250.16
252 -120 150 1250.16
253 -120 180 1250.16
254 -120 210 1250.16
255 -120 240 1250.16
256 -120 270 1250.16
257 -120 300 1250.16
258 -120 330 1250.16
259 -120 360 1250.16
260 -120 390 1250.16
261 -120 420 1250.16
262 -90 -420 1250.16
263 -90 -390 1250.16
264 -90 -360 1250.16
265 -90 -330 1250.16
266 -90 -300 1250.16
267 -90 -270 1250.16
268 -90 -240 1250.16
269 -90 -210 1250.16
270 -90 -180 1250.16
271 -90 -150 1250.16
272 -90 -120 1250.16
273 -90 -90 1250.16
274 -90 90 1250.16
275 -90 120 1250.16
276 -90 150 1250.16
277 -90 180 1250.16
278 -90 210 1250.16
279 -90 240 1250.16
280 -90 270 1250.16
281 -90 300 1250.16
282 -90 330 1250.16
283 -90 360 1250.16
284 -90 390 1250.16
285 -90 420 1250.16
286 -60 -450 1250.16
287 -60 -420 1250.16
288 -60 -390 1250.16
289 -60 -360 1250.16
290 -60 -330 1250.16
291 -60 -300 1250.16
292 -60 -270 1250.16
293 -60 -240 1250.16
294 -60 -210 1250.16
295 -60 -180 1250.16
296 -60 -150 1250.16
297 -60 -120 1250.16
298 -60 120 1250.16
299 -60 150 1250.16
300 -60 180 1250.16
301 -60 210 1250.16
302 -60 240 1250.16
303 -60 270 1250.16
304 -60 300 1250.16
305 -60 330 1250.16
306 -60 360 1250.16
307 -60 390 1250.16
308 -60 420 1250.16
309 -60 450 1250.16
310 -30 -450 1250.16
311 -30 -420 1250.16
312 -30 -390 1250.16
313 -30 -360 1250.16
314 -30 -330 1250.16
315 -30 -300 1250.16
316 -30 -270 1250.16
317 -30 -240 1250.16
318 -30 -210 1250.16
319 -30 -180 1250.16
320 -30 -150 1250.16
321 -30 150 1250.16
322 -30 180 1250.16
323 -30 210 1250.16
324 -30 240 1250.16
325 -30 270 1250.16
326 -30 300 1250.16
327 -30 330 1250.16
328 -30 360 1250.16
329 -30 390 1250.16
330 -30 420 1250.16
331 -30 450 1250.16
332 0 -450 1250.16
333 0 -420 1250.16
334 0 -390 1250.16
335 0 -360 1250.16
336 0 -330 1250.16
337 0 -300 1250.16
338 0 -270 1250.16
339 0 -240 1250.16
340 0 -210 1250.16
341 0 -180 1250.16
342 0 -150 1250.16
343 0 150 1250.16
344 0 180 1250.16
345 0 210 1250.16
346 0 240 1250.16
347 0 270 1250.16
348 0 300 1250.16
349 0 330 1250.16
350 0 360 1250.16
351 0 390 1250.16
352 0 420 1250.16
353 0 450 1250.16
354 30 -450 1250.16
355 30 -420 1250.16
356 30 -390 1250.16
357 30 -360 1250.16
358 30 -330 1250.16
359 30 -300 1250.16
360 30 -270 1250.16
361 30 -240 1250.16
362 30 -210 1250.16
363 30 -180 1250.16
364 30 -150 1250.16
365 30 150 1250.16
366 30 180 1250.16
367 30 210 1250.16
368 30 240 1250.16
369 30 270 1250.16
370 30 300 1250.16
371 30 330 1250.16
372 30 360 1250.16
373 30 390 1250.16
374 30 420 1250.16
375 30 450 1250.16
376 60 -450 1250.16
377 60 -420 1250.16
378 60 -390 1250.16
379 60 -360 1250.16
380 60 -330 1250.16
381 60 -300 1250.16
382 60 -270 1250.16
383 60 -240 1250.16
384 60 -210 1250.16
385 60 -180 1250.16
386 60 -150 1250.16
387 60 -120 1250.16
388 60 120 1250.16
389 60 150 1250.16
390 60 180 1250.16
391 60 210 1250.16
392 60 240 1250.16
393 60 270 1250.16
394 60 300 1250.16
395 60 330 1250.16
396 60 360 1250.16
397 60 390 1250.16
398 60 420 1250.16
399 60 450 1250.16
400 90 -420 1250.16
401 90 -390 1250.16
402 90 -360 1250.16
403 90 -330 1250.16
404 90 -300 1250.16
405 90 -270 1250.16
406 90 -240 1250.16
407 90 -210 1250.16
408 90 -180 1250.16
409 90 -150 1250.16
410 90 -120 1250.16
411 90 -90 1250.16
412 90 90 1250.16
413 90 120 1250.16
414 90 150 1250.16
415 90 180 1250.16
416 90 210 1250.16
417 90 240 1250.16
418 90 270 1250.16
419 90 300 1250.16
420 90 330 1250.16
421 90 360 1250.16
422 90 390 1250.16
423 90 420 1250.16
424 120 -420 1250.16
425 120 -390 1250.16
426 120 -360 1250.16
427 120 -330 1250.16
428 120 -300 1250.16
429 120 -270 1250.16
430 120 -240 1250.16
431 120 -210 1250.16
432 120 -180 1250.16
433 120 -150 1250.16
434 120 -120 1250.16
435 120 -90 1250.16
436 120 -60 1250.16
437 120 60 1250.16
438 120 90 1250.16
439 120 120 1250.16
440 120 150 1250.16
441 120 180 1250.16
442 120 210 1250.16
443 120 240 1250.16
444 120 270 1250.16
445 120 300 1250.16
446 120 330 1250.16
447 120 360 1250.16
448 120 390 1250.16
449 120 420 1250.16
450 150 -420 1250.16
451 150 -390 1250.16
452 150 -360 1250.16
453 150 -330 1250.16
454 150 -300 1250.16
455 150 -270 1250.16
456 150 -240 1250.16
457 150 -210 1250.16
458 150 -180 1250.16
459 150 -150 1250.16
460 150 -120 1250.16
461 150 -90 1250.16
462 150 -60 1250.16
463 150 -30 1250.16
464 150 0 1250.16
465 150 30 1250.16
466 150 60 1250.16
467 150 90 1250.16
468 150 120 1250.16
469 150 150 1250.16
470 150 180 1250.16
471 150 210 1250.16
472 150 240 1250.16
473 150 270 1250.16
474 150 300 1250.16
475 150 330 1250.16
476 150 360 1250.16
477 150 390 1250.16
478 150 420 1250.16
479 180 -420 1250.16
480 180 -390 1250.16
481 180 -360 1250.16
482 180 -330 1250.16
483 180 -300 1250.16
484 180 -270 1250.16
485 180 -240 1250.16
486 180 -210 1250.16
487 180 -180 1250.16
488 180 -150 1250.16
489 180 -120 1250.16
490 180 -90 1250.16
491 180 -60 1250.16
492 180 -30 1250.16
493 180 0 1250.16
494 180 30 1250.16
495 180 60 1250.16
496 180 90 1250.16
497 180 120 1250.16
498 180 150 1250.16
499 180 180 1250.16
500 180 210 1250.16
501 180 240 1250.16
502 180 270 1250.16
503 180 300 1250.16
504 180 330 1250.16
505 180 360 1250.16
506 180 390 1250.16
507 180 420 1250.16
508 210 -390 1250.16
509 210 -360 1250.16
510 210 -330 1250.16
511 210 -300 1250.16
512 210 -270 1250.16
513 210 -240 1250.16
514 210 -210 1250.16
515 210 -180 1250.16
516 210 -150 1250.16
517 210 -120 1250.16
518 210 -90 1250.16
519 210 -60 1250.16
520 210 -30 1250.16
521 210 0 1250.16
522 210 30 1250.16
523 210 60 1250.16
524 210 90 1250.16
525 210 120 1250.16
526 210 150 1250.16
527 210 180 1250.16
528 210 210 1250.16
529 210 240 1250.16
530 210 270 1250.16
531 210 300 1250.16
532 210 330 1250.16
533 210 360 1250.16
534 210 390 1250.16
535 240 -390 1250.16
536 240 -360 1250.16
537 240 -330 1250.16
538 240 -300 1250.16
539 240 -270 1250.16
540 240 -240 1250.16
541 240 -210 1250.16
542 240 -180 1250.16
543 240 -150 1250.16
544 240 -120 1250.16
545 240 -90 1250.16
546 240 -60 1250.16
547 240 -30 1250.16
548 240 0 1250.16
549 240 30 1250.16
550 240 60 1250.16
551 240 90 1250.16
552 240 120 1250.16
553 240 150 1250.16
554 240 180 1250.16
555 240 210 1250.16
556 240 240 1250.16
557 240 270 1250.16
558 240 300 1250.16
559 240 330 1250.16
560 240 360 1250.16
561 240 390 1250.16
562 270 -360 1250.16
563 270 -330 1250.16
564 270 -300 1250.16
565 270 -270 1250.16
566 270 -240 1250.16
567 270 -210 1250.16
568 270 -180 1250.16
569 270 -150 1250.16
570 270 -120 1250.16
571 270 -90 1250.16
572 270 -60 1250.16
573 270 -30 1250.16
574 270 0 1250.16
575 270 30 1250.16
576 270 60 1250.16
577 270 90 1250.16
578 270 120 1250.16
579 270 150 1250.16
580 270 180 1250.16
581 270 210 1250.16
582 270 240 1250.16
583 270 270 1250.16
584 270 300 1250.16
585 270 330 1250.16
586 270 360 1250.16
587 300 -330 1250.16
588 300 -300 1250.16
589 300 -270 1250.16
590 300 -240 1250.16
591 300 -210 1250.16
592 300 -180 1250.16
593 300 -150 1250.16
594 300 -120 1250.16
595 300 -90 1250.16
596 300 -60 1250.16
597 300 -30 1250.16
598 300 0 1250.16
599 300 30 1250.16
600 300 60 1250.16
601 300 90 1250.16
602 300 120 1250.16
603 300 150 1250.16
604 300 180 1250.16
605 300 210 1250.16
606 300 240 1250.16
607 300 270 1250.16
608 300 300 1250.16
609 300 330 1250.16
610 330 -300 1250.16
611 330 -270 1250.16
612 330 -240 1250.16
613 330 -210 1250.16
614 330 -180 1250.16
615 330 -150 1250.16
616 330 -120 1250.16
617 330 -90 1250.16
618 330 -60 1250.16
619 330 -30 1250.16
620 330 0 1250.16
621 330 30 1250.16
622 330 60 1250.16
623 330 90 1250.16
624 330 120 1250.16
625 330 150 1250.16
626 330 180 1250.16
627 330 210 1250.16
628 330 240 1250.16
629 330 270 1250.16
630 330 300 1250.16
631 360 -270 1250.16
632 360 -240 1250.16
633 360 -210 1250.16
634 360 -180 1250.16
635 360 -150 1250.16
636 360 -120 1250.16
637 360 -90 1250.16
638 360 -60 1250.16
639 360 -30 1250.16
640 360 0 1250.16
641 360 30 1250.16
642 360 60 1250.16
643 360 90 1250.16
644 360 120 1250.16
645 360 150 1250.16
646 360 180 1250.16
647 360 210 1250.16
648 360 240 1250.16
649 360 270 1250.16
650 390 -240 1250.16
651 390 -210 1250.16
652 390 -180 1250.16
653 390 -150 1250.16
654 390 -120 1250.16
655 390 -90 1250.16
656 390 -60 1250.16
657 390 -30 1250.16
658 390 0 1250.16
659 390 30 1250.16
660 390 60 1250.16
661 390 90 1250.16
662 390 120 1250.16
663 390 150 1250.16
664 390 180 1250.16
665 390 210 1250.16
666 390 240 1250.16
667 420 -180 1250.16
668 420 -150 1250.16
669 420 -120 1250.16
670 420 -90 1250.16
671 420 -60 1250.16
672 420 -30 1250.16
673 420 0 1250.16
674 420 30 1250.16
675 420 60 1250.16
676 420 90 1250.16
677 420 120 1250.16
678 420 150 1250.16
679 420 180 1250.16
680 450 -60 1250.16
681 450 -30 1250.16
682 450 0 1250.16
683 450 30 1250.16
684 450 60 1250.16